3.19921875
3.26222828
3.32585449
3.39009005
3.45491626
3.52030308
3.58620994
3.65258717
3.71937799
3.78652074
3.85395110
3.92160407
3.98941541
4.05732229
4.12526304
4.19317582
4.26099631
4.32865441
4.39607019
4.46314930
4.52977816
4.59581922
4.66110665
4.72544265
4.78859465
4.85029353
4.91023284
4.96806885
5.02342140
5.07587513
5.12498075
5.17025603
5.21118622
5.24722337
5.27778475
5.30224994
5.31995705
5.33019816
5.33221458
5.32519265
5.30826068
5.28048818
5.24088799
5.18842240
5.12201382
5.04056058
4.94295813
4.82812556
4.69503704
4.54275739
4.37048073
4.17757064
3.96360031
3.72839061
3.47204432
3.19497440
2.89792478
2.58198181
2.24857554
1.89946986
1.53674133
1.16274706
0.78008236
0.39152961
0.00000000
-0.39152961
-0.78008236
-1.16274706
-1.53674133
-1.89946986
-2.24857554
-2.58198181
-2.89792478
-3.19497440
-3.47204432
-3.72839061
-3.96360031
-4.17757064
-4.37048073
-4.54275739
-4.69503704
-4.82812556
-4.94295813
-5.04056058
-5.12201382
-5.18842240
-5.24088799
-5.28048818
-5.30826068
-5.32519265
-5.33221458
-5.33019816
-5.31995705
-5.30224994
-5.27778475
-5.24722337
-5.21118622
-5.17025603
-5.12498075
-5.07587513
-5.02342140
-4.96806885
-4.91023284
-4.85029353
-4.78859465
-4.72544265
-4.66110665
-4.59581922
-4.52977816
-4.46314930
-4.39607019
-4.32865441
-4.26099631
-4.19317582
-4.12526304
-4.05732229
-3.98941541
-3.92160407
-3.85395110
-3.78652074
-3.71937799
-3.65258717
-3.58620994
-3.52030308
-3.45491626
-3.39009005
-3.32585449
-3.26222828
-3.19921875
-3.13682261
-3.07502742
-3.01381366
-2.95315721
-2.89303202
-2.83341275
-2.77427709
-2.71560768
-2.65739336
-2.59962973
-2.54231891
-2.48546872
-2.42909111
-2.37320035
-2.31781080
-2.26293479
-2.20858063
-2.15475102
-2.10144199
-2.04864240
-1.99633423
-1.94449338
-1.89309109
-1.84209572
-1.79147483
-1.74119725
-1.69123504
-1.64156506
-1.59217016
-1.54303971
-1.49416952
-1.44556122
-1.39722101
-1.34915810
-1.30138275
-1.25390438
-1.20672969
-1.15986109
-1.11329553
-1.06702392
-1.02103109
-0.97529629
-0.92979434
-0.88449706
-0.83937507
-0.79439969
-0.74954471
-0.70478801
-0.66011272
-0.61550791
-0.57096871
-0.52649592
-0.48209499
-0.43777464
-0.39354517
-0.34941663
-0.30539699
-0.26149056
-0.21769675
-0.17400926
-0.13041589
-0.08689883
-0.04343552
-0.00000000
0.04343552
0.08689883
0.13041589
0.17400926
0.21769675
0.26149056
0.30539699
0.34941663
0.39354517
0.43777464
0.48209499
0.52649592
0.57096871
0.61550791
0.66011272
0.70478801
0.74954471
0.79439969
0.83937507
0.88449706
0.92979434
0.97529629
1.02103109
1.06702392
1.11329553
1.15986109
1.20672969
1.25390438
1.30138275
1.34915810
1.39722101
1.44556122
1.49416952
1.54303971
1.59217016
1.64156506
1.69123504
1.74119725
1.79147483
1.84209572
1.89309109
1.94449338
1.99633423
2.04864240
2.10144199
2.15475102
2.20858063
2.26293479
2.31781080
2.37320035
2.42909111
2.48546872
2.54231891
2.59962973
2.65739336
2.71560768
2.77427709
2.83341275
2.89303202
2.95315721
3.01381366
3.07502742
3.13682261
3.19921875
3.26222828
3.32585449
3.39009005
3.45491626
3.52030308
3.58620994
3.65258717
3.71937799
3.78652074
3.85395110
3.92160407
3.98941541
4.05732229
4.12526304
4.19317582
4.26099631
4.32865441
4.39607019
4.46314930
4.52977816
4.59581922
4.66110665
4.72544265
4.78859465
4.85029353
4.91023284
4.96806885
5.02342140
5.07587513
5.12498075
5.17025603
5.21118622
5.24722337
5.27778475
5.30224994
5.31995705
5.33019816
5.33221458
5.32519265
5.30826068
5.28048818
5.24088799
5.18842240
5.12201382
5.04056058
4.94295813
4.82812556
4.69503704
4.54275739
4.37048073
4.17757064
3.96360031
3.72839061
3.47204432
3.19497440
2.89792478
2.58198181
2.24857554
1.89946986
1.53674133
1.16274706
0.78008236
0.39152961
0.00000000
-0.39152961
-0.78008236
-1.16274706
-1.53674133
-1.89946986
-2.24857554
-2.58198181
-2.89792478
-3.19497440
-3.47204432
-3.72839061
-3.96360031
-4.17757064
-4.37048073
-4.54275739
-4.69503704
-4.82812556
-4.94295813
-5.04056058
-5.12201382
-5.18842240
-5.24088799
-5.28048818
-5.30826068
-5.32519265
-5.33221458
-5.33019816
-5.31995705
-5.30224994
-5.27778475
-5.24722337
-5.21118622
-5.17025603
-5.12498075
-5.07587513
-5.02342140
-4.96806885
-4.91023284
-4.85029353
-4.78859465
-4.72544265
-4.66110665
-4.59581922
-4.52977816
-4.46314930
-4.39607019
-4.32865441
-4.26099631
-4.19317582
-4.12526304
-4.05732229
-3.98941541
-3.92160407
-3.85395110
-3.78652074
-3.71937799
-3.65258717
-3.58620994
-3.52030308
-3.45491626
-3.39009005
-3.32585449
-3.26222828
-3.19921875
-3.13682261
-3.07502742
-3.01381366
-2.95315721
-2.89303202
-2.83341275
-2.77427709
-2.71560768
-2.65739336
-2.59962973
-2.54231891
-2.48546872
-2.42909111
-2.37320035
-2.31781080
-2.26293479
-2.20858063
-2.15475102
-2.10144199
-2.04864240
-1.99633423
-1.94449338
-1.89309109
-1.84209572
-1.79147483
-1.74119725
-1.69123504
-1.64156506
-1.59217016
-1.54303971
-1.49416952
-1.44556122
-1.39722101
-1.34915810
-1.30138275
-1.25390438
-1.20672969
-1.15986109
-1.11329553
-1.06702392
-1.02103109
-0.97529629
-0.92979434
-0.88449706
-0.83937507
-0.79439969
-0.74954471
-0.70478801
-0.66011272
-0.61550791
-0.57096871
-0.52649592
-0.48209499
-0.43777464
-0.39354517
-0.34941663
-0.30539699
-0.26149056
-0.21769675
-0.17400926
-0.13041589
-0.08689883
-0.04343552
-0.00000000
0.04343552
0.08689883
0.13041589
0.17400926
0.21769675
0.26149056
0.30539699
0.34941663
0.39354517
0.43777464
0.48209499
0.52649592
0.57096871
0.61550791
0.66011272
0.70478801
0.74954471
0.79439969
0.83937507
0.88449706
0.92979434
0.97529629
1.02103109
1.06702392
1.11329553
1.15986109
1.20672969
1.25390438
1.30138275
1.34915810
1.39722101
1.44556122
1.49416952
1.54303971
1.59217016
1.64156506
1.69123504
1.74119725
1.79147483
1.84209572
1.89309109
1.94449338
1.99633423
2.04864240
2.10144199
2.15475102
2.20858063
2.26293479
2.31781080
2.37320035
2.42909111
2.48546872
2.54231891
2.59962973
2.65739336
2.71560768
2.77427709
2.83341275
2.89303202
2.95315721
3.01381366
3.07502742
3.13682261
3.19921875
3.26222828
3.32585449
3.39009005
3.45491626
3.52030308
3.58620994
3.65258717
3.71937799
3.78652074
3.85395110
3.92160407
3.98941541
4.05732229
4.12526304
4.19317582
4.26099631
4.32865441
4.39607019
4.46314930
4.52977816
4.59581922
4.66110665
4.72544265
4.78859465
4.85029353
4.91023284
4.96806885
5.02342140
5.07587513
5.12498075
5.17025603
5.21118622
5.24722337
5.27778475
5.30224994
5.31995705
5.33019816
5.33221458
5.32519265
5.30826068
5.28048818
5.24088799
5.18842240
5.12201382
5.04056058
4.94295813
4.82812556
4.69503704
4.54275739
4.37048073
4.17757064
3.96360031
3.72839061
3.47204432
3.19497440
2.89792478
2.58198181
2.24857554
1.89946986
1.53674133
1.16274706
0.78008236
0.39152961
0.00000000
-0.39152961
-0.78008236
-1.16274706
-1.53674133
-1.89946986
-2.24857554
-2.58198181
-2.89792478
-3.19497440
-3.47204432
-3.72839061
-3.96360031
-4.17757064
-4.37048073
-4.54275739
-4.69503704
-4.82812556
-4.94295813
-5.04056058
-5.12201382
-5.18842240
-5.24088799
-5.28048818
-5.30826068
-5.32519265
-5.33221458
-5.33019816
-5.31995705
-5.30224994
-5.27778475
-5.24722337
-5.21118622
-5.17025603
-5.12498075
-5.07587513
-5.02342140
-4.96806885
-4.91023284
-4.85029353
-4.78859465
-4.72544265
-4.66110665
-4.59581922
-4.52977816
-4.46314930
-4.39607019
-4.32865441
-4.26099631
-4.19317582
-4.12526304
-4.05732229
-3.98941541
-3.92160407
-3.85395110
-3.78652074
-3.71937799
-3.65258717
-3.58620994
-3.52030308
-3.45491626
-3.39009005
-3.32585449
-3.26222828
-3.19921875
-3.13682261
-3.07502742
-3.01381366
-2.95315721
-2.89303202
-2.83341275
-2.77427709
-2.71560768
-2.65739336
-2.59962973
-2.54231891
-2.48546872
-2.42909111
-2.37320035
-2.31781080
-2.26293479
-2.20858063
-2.15475102
-2.10144199
-2.04864240
-1.99633423
-1.94449338
-1.89309109
-1.84209572
-1.79147483
-1.74119725
-1.69123504
-1.64156506
-1.59217016
-1.54303971
-1.49416952
-1.44556122
-1.39722101
-1.34915810
-1.30138275
-1.25390438
-1.20672969
-1.15986109
-1.11329553
-1.06702392
-1.02103109
-0.97529629
-0.92979434
-0.88449706
-0.83937507
-0.79439969
-0.74954471
-0.70478801
-0.66011272
-0.61550791
-0.57096871
-0.52649592
-0.48209499
-0.43777464
-0.39354517
-0.34941663
-0.30539699
-0.26149056
-0.21769675
-0.17400926
-0.13041589
-0.08689883
-0.04343552
-0.00000000
0.04343552
0.08689883
0.13041589
0.17400926
0.21769675
0.26149056
0.30539699
0.34941663
0.39354517
0.43777464
0.48209499
0.52649592
0.57096871
0.61550791
0.66011272
0.70478801
0.74954471
0.79439969
0.83937507
0.88449706
0.92979434
0.97529629
1.02103109
1.06702392
1.11329553
1.15986109
1.20672969
1.25390438
1.30138275
1.34915810
1.39722101
1.44556122
1.49416952
1.54303971
1.59217016
1.64156506
1.69123504
1.74119725
1.79147483
1.84209572
1.89309109
1.94449338
1.99633423
2.04864240
2.10144199
2.15475102
2.20858063
2.26293479
2.31781080
2.37320035
2.42909111
2.48546872
2.54231891
2.59962973
2.65739336
2.71560768
2.77427709
2.83341275
2.89303202
2.95315721
3.01381366
3.07502742
3.13682261
3.19921875
3.26222828
3.32585449
3.39009005
3.45491626
3.52030308
3.58620994
3.65258717
3.71937799
3.78652074
3.85395110
3.92160407
3.98941541
4.05732229
4.12526304
4.19317582
4.26099631
4.32865441
4.39607019
4.46314930
4.52977816
4.59581922
4.66110665
4.72544265
4.78859465
4.85029353
4.91023284
4.96806885
5.02342140
5.07587513
5.12498075
5.17025603
5.21118622
5.24722337
5.27778475
5.30224994
5.31995705
5.33019816
5.33221458
5.32519265
5.30826068
5.28048818
5.24088799
5.18842240
5.12201382
5.04056058
4.94295813
4.82812556
4.69503704
4.54275739
4.37048073
4.17757064
3.96360031
3.72839061
3.47204432
3.19497440
2.89792478
2.58198181
2.24857554
1.89946986
1.53674133
1.16274706
0.78008236
0.39152961
-0.00000000
-0.39152961
-0.78008236
-1.16274706
-1.53674133
-1.89946986
-2.24857554
-2.58198181
-2.89792478
-3.19497440
-3.47204432
-3.72839061
-3.96360031
-4.17757064
-4.37048073
-4.54275739
-4.69503704
-4.82812556
-4.94295813
-5.04056058
-5.12201382
-5.18842240
-5.24088799
-5.28048818
-5.30826068
-5.32519265
-5.33221458
-5.33019816
-5.31995705
-5.30224994
-5.27778475
-5.24722337
-5.21118622
-5.17025603
-5.12498075
-5.07587513
-5.02342140
-4.96806885
-4.91023284
-4.85029353
-4.78859465
-4.72544265
-4.66110665
-4.59581922
-4.52977816
-4.46314930
-4.39607019
-4.32865441
-4.26099631
-4.19317582
-4.12526304
-4.05732229
-3.98941541
-3.92160407
-3.85395110
-3.78652074
-3.71937799
-3.65258717
-3.58620994
-3.52030308
-3.45491626
-3.39009005
-3.32585449
-3.26222828
-3.19921875
-3.13682261
-3.07502742
-3.01381366
-2.95315721
-2.89303202
-2.83341275
-2.77427709
-2.71560768
-2.65739336
-2.59962973
-2.54231891
-2.48546872
-2.42909111
-2.37320035
-2.31781080
-2.26293479
-2.20858063
-2.15475102
-2.10144199
-2.04864240
-1.99633423
-1.94449338
-1.89309109
-1.84209572
-1.79147483
-1.74119725
-1.69123504
-1.64156506
-1.59217016
-1.54303971
-1.49416952
-1.44556122
-1.39722101
-1.34915810
-1.30138275
-1.25390438
-1.20672969
-1.15986109
-1.11329553
-1.06702392
-1.02103109
-0.97529629
-0.92979434
-0.88449706
-0.83937507
-0.79439969
-0.74954471
-0.70478801
-0.66011272
-0.61550791
-0.57096871
-0.52649592
-0.48209499
-0.43777464
-0.39354517
-0.34941663
-0.30539699
-0.26149056
-0.21769675
-0.17400926
-0.13041589
-0.08689883
-0.04343552
-0.00000000
0.04343552
0.08689883
0.13041589
0.17400926
0.21769675
0.26149056
0.30539699
0.34941663
0.39354517
0.43777464
0.48209499
0.52649592
0.57096871
0.61550791
0.66011272
0.70478801
0.74954471
0.79439969
0.83937507
0.88449706
0.92979434
0.97529629
1.02103109
1.06702392
1.11329553
1.15986109
1.20672969
1.25390438
1.30138275
1.34915810
1.39722101
1.44556122
1.49416952
1.54303971
1.59217016
1.64156506
1.69123504
1.74119725
1.79147483
1.84209572
1.89309109
1.94449338
1.99633423
2.04864240
2.10144199
2.15475102
2.20858063
2.26293479
2.31781080
2.37320035
2.42909111
2.48546872
2.54231891
2.59962973
2.65739336
2.71560768
2.77427709
2.83341275
2.89303202
2.95315721
3.01381366
3.07502742
3.13682261
