-1.73472347597681e-18
-3.66860546822815e-06
-1.09449241777468e-05
-2.1770510011374e-05
-3.60875926877643e-05
-5.38373004703285e-05
-7.49578757355117e-05
-9.93828846485333e-05
-0.000127039423636454
-0.000157846326860032
-0.000191712380465324
-0.000228534551039359
-0.000268196237395661
-0.000310565556566374
-0.000355493676667916
-0.000402813211122503
-0.000452336690543044
-0.000503855130403755
-0.000557136714402064
-0.000611925615142336
-0.000667940975411005
-0.000724876074832607
-0.000782397708062681
-0.000840145801846836
-0.000897733299215198
-0.000954746339741963
-0.00101074476513604
-0.00106526297938956
-0.00111781119224851
-0.00116787707383002
-0.00121492784674526
-0.00125841284004153
-0.00129776652660748
-0.00133241206233958
-0.00136176534131097
-0.00138523957637265
-0.00140225040902752
-0.00141222154602595
-0.00141459091292901
-0.00140881730687263
-0.00139438752195963
-0.00137082391113675
-0.00133769233813152
-0.00129461046209492
-0.00124125628611256
-0.00117737688881865
-0.00110279724611204
-0.00101742903759024
-0.000921279319974682
-0.000814458937707916
-0.000697190529302783
-0.000569815977173986
-0.000432803138874698
-0.000286751689200049
-0.000132397895835701
2.93818535368359e-05
0.000197568957160421
0.000371002122295681
0.000548378686212871
0.000728257908950907
0.000909066401088541
0.0010891058350777
0.00126656306965317
0.00143952279323446
0.00160598276391253
0.0017638716904713
0.00191106976092484
0.00204543178233727
0.00216481284842881
0.00226709639996503
0.00235022448761885
0.00241222998845838
0.00245127046617267
0.00246566330246852
0.00245392166377924
0.00241479080469116
0.00234728414863673
0.00225071852887761
0.00212474792019115
0.00196939494566015
0.00178507940532223
0.00157264304597789
0.00133336977602991
0.00106900052764701
0.000781741982566775
0.000474268409110685
0.000149715907943667
-0.000188331565994783
-0.000535864947187194
-0.000888481998419745
-0.00124142874052292
-0.00158965051342479
-0.00192785263325465
-0.00225057041544947
-0.00255224812202437
-0.00282732616509515
-0.00307033566180632
-0.00327599919212863
-0.00343933636534995
-0.00355577255893609
-0.00362124896084763
-0.0036323318299385
-0.00358631869574871
-0.00348133905613941
-0.00331644700626854
-0.00309170315279217
-0.00280824314010811
-0.00246833014767441
-0.00207538881500022
-0.00163401821892163
-0.00114998177014955
-0.000630172215231969
-8.25503267166424e-05
0.000483943662846571
0.00105950628181668
0.00163361448151692
0.0021951958545746
0.00273282380597215
0.00323493532045862
0.00369006819924623
0.00408711386877592
0.00441558111548808
0.00466586539554494
0.00482951773128894
0.00489950666175967
0.00487046628793411
0.0047389231691665
0.00450349470895286
0.00416505173690053
0.00372683843438982
0.0031945424094803
0.00257631012579565
0.00188270216246739
0.00112658481078963
0.000322955746968522
-0.000511296875644214
-0.00135770079313399
-0.00219656841693537
-0.00300742298540391
-0.00376947496771604
-0.00446213955965349
-0.0050655841403423
-0.00556129273388295
-0.00593263291166183
-0.00616540925247976
-0.00624838651948464
-0.00617376518223162
-0.00593759186917337
-0.00554008783102539
-0.00498587956675586
-0.0042841174341545
-0.003448470340955
-0.00249698747521659
-0.0014518214482167
-0.000338811129637841
0.000813073229903687
0.00197241537624457
0.00310615692423115
0.00418050290210208
0.0051619074632558
0.00601811389361627
0.00671921917244483
0.00723873015520172
0.0075545761171795
0.0076500410910853
0.00751457929450563
0.0071444780894284
0.00654333542453225
0.005722322617249
0.00470020862268743
0.00350312854220713
0.00216408692021508
0.000722195179595196
-0.000778347887398467
-0.00228951362024528
-0.0037609098686606
-0.00514141722715565
-0.00638094686177789
-0.0074322635089918
-0.0082528105762381
-0.00880646952787262
-0.00906518325842121
-0.00901037323833163
-0.00863408308924584
-0.00793978703504805
-0.00694281040029588
-0.00567032088580211
-0.0041608635087525
-0.00246342848552591
-0.000636059462657915
0.00125597125297036
0.00314237417402048
0.00495037530717225
0.00660748656205428
0.00804441465824907
0.0091979965592091
0.0100140405850014
0.010449948053342
0.0104769911442311
0.0100821290680902
0.00926925671157612
0.00805979766134194
0.0064925765170038
0.00462293307514466
0.00252107239606377
0.000269678796100392
-0.00203914294331553
-0.00430750095707423
-0.00643579320423128
-0.00832706772927762
-0.00989148245527324
-0.0110506640757371
-0.0117417574020284
-0.0119209577776908
-0.0115663305716659
-0.010679743536453
-0.00928776968733837
-0.00744145950911562
-0.00521493036757539
-0.00270277611248804
-1.63586547322724e-05
0.00272089695741654
0.00537902476566211
0.00782762578993822
0.00994228585399012
0.0116109948574656
0.0127402401313323
0.0132604435764391
0.013130426623002
0.012340619165009
0.0109147780842498
0.00891004635624056
0.00641526259801091
0.00354751990147775
0.000447067685938999
-0.00272925377674405
-0.00581576487732258
-0.00864652107790533
-0.0110642803323133
-0.0129293869156338
-0.0141280724567537
-0.0145796794852292
-0.0142423460800675
-0.0131167523012234
-0.0112476183407768
-0.00872275734300115
-0.00566961751578096
-0.00224939188160305
0.00135107804240467
0.00492923486828117
0.00827807453149651
0.0111981447461793
0.0135095883626305
0.0150635075661188
0.0157519274646729
0.0155156851771807
0.0143496630223519
0.0123049189140948
0.00948743776395531
0.00605342598969253
0.00220128613466393
-0.00183937274825861
-0.00582112492067964
-0.00949377018856391
-0.0126201352505283
-0.0149916457618175
-0.0164426454963509
-0.0168624698104167
-0.0162043795341929
-0.0144906259897315
-0.0118131409222619
-0.00832961507024032
-0.00425503017620794
0.000150977492942471
0.00460023966817675
0.00879470856088248
0.0124464614653989
0.0152977285860272
0.017139549836636
0.0178276965009171
0.0172946227895991
0.0155564370088266
0.0127141915546863
0.00894916762382738
0.00451225061989707
-0.000292072773288439
-0.00512614643458091
-0.00964268644290834
-0.0135098229710205
-0.016435848207004
-0.0181918171267156
-0.0186302263391407
-0.017698213693904
-0.0154440689109697
-0.0120163035023515
-0.00765506717693323
-0.00267628004890312
0.00255056810570503
0.00762946460065495
0.012167835268939
0.0158071766083601
0.0182519660088912
0.0192944935068641
0.0188334862799005
0.016884808170887
0.0135830869188237
0.00917381288886422
0.00399621405248175
-0.00154201688895718
-0.00699634995795802
-0.0119210060696131
-0.0159056849783068
-0.0186104035979666
-0.0197954543111116
-0.0193437885473281
-0.0172736706543686
-0.0137401963872345
-0.00902517444389637
-0.00351585700446028
0.00232600646377337
0.00800241599979857
0.0130215611820049
0.016940859920897
0.019406813911063
0.0201880417642713
0.0191983275286611
0.0165073050279656
0.0123374301695566
0.00704709106126737
0.00110096673869422
-0.0049700443666877
-0.0106159604104065
-0.0153177770539576
-0.0186358961446663
-0.0202523589494945
-0.0200027454551193
-0.0178944355245346
-0.0141091098652044
-0.00898880044733734
-0.00300635376061813
0.00327729949079435
0.009265318362815
0.0143817775711071
0.01812774231661
0.0201310872749175
0.020184994465869
0.0182710243705604
0.0145640599826194
0.00941815134399532
0.00333417685834621
-0.00308789827833333
-0.00920773840113366
-0.0144086467919339
-0.0181604724722102
-0.0200749397053855
-0.0199475151945753
-0.0177811509976044
-0.0137889939971552
-0.00837527105888255
-0.00209583239853115
0.00439797194432779
0.0104265338544302
0.0153534566728751
0.0186537171606378
0.0199711324504015
0.0191586986073133
0.0162970530027505
0.0116885713984213
0.00582721402030198
-0.00065309314071071
-0.00704631002186578
-0.0126511977394959
-0.0168489336772979
-0.0191727724557023
-0.019361776850068
-0.0173922451472308
-0.013482836645219
-0.00807229852349099
-0.00177180831673507
0.00470308649701869
0.0106134764953162
0.0152819153145329
0.0181712766453471
0.0189483344985729
0.0175243446734289
0.0140674489023291
0.00898495001397072
0.0028770511720125
-0.0035329019666838
-0.00948370985853511
-0.0142671338099517
-0.0173133579183627
-0.0182606503354165
-0.0170004974609037
-0.0136923214184101
-0.00874552345496048
-0.00277059418140009
0.00349509362632631
0.00927793230992685
0.013864068681318
0.0166887669083748
0.0174078027080391
0.0159416293681884
0.012486366429922
0.00748980545235835
0.00159509002606265
-0.00444106182610989
-0.00984532029588681
-0.0139274860684496
-0.0161700563546541
-0.016295800983335
-0.0143042581773926
-0.0104720385779492
-0.00531655807686147
0.000472312319335783
0.0061238401777786
0.0108891939790821
0.0141416423154724
0.0154606388028768
0.0146882730545152
0.0119502090106893
0.00763801237635817
0.00235504934533703
-0.00316680523695081
-0.00816829049411382
-0.0119677606891833
-0.0140554418223229
-0.0141636999836021
-0.012303347413866
-0.0087607384079752
-0.00405593829585424
0.00113219620288613
0.00606340811197989
0.0100419863603865
0.0125160319885
0.0131556925860163
0.0118989995397958
0.00895862178758772
0.00478855320489157
1.5646296760579e-05
-0.00465388228121369
-0.00853910540994714
-0.0110846334568439
-0.0119415205861469
-0.0110167765947155
-0.00848415320314561
-0.00475473190745734
-0.000411948878576194
0.00387888525487275
0.00747261828588946
0.00984213693288845
0.0106570664499887
0.00983127605468398
0.00753207157716321
0.00414997026839074
0.000234139959336982
-0.00359603525407015
-0.00674908777672021
-0.0087536756183828
-0.00933030181833368
-0.0084313710402177
-0.00624359246865744
-0.00315286745261894
0.000322124802996707
0.00361640618803018
0.00621085858355829
0.00771492335745093
0.00792645803136879
0.0068593303838066
0.00473482709483033
0.0019390502718153
-0.00104586390066697
-0.00372460329214065
-0.00567135825413603
-0.00659837134746604
-0.00639910346897253
-0.00515935115966716
-0.00313531546823493
-0.000703360708535415
0.00170899741847313
0.00369830551771999
0.00495327312995279
0.00530407964463572
0.00474488792503355
0.00342659199347852
0.00162226073960028
-0.000327418925445125
-0.0020780252538646
-0.00334262819823448
-0.00393932603143832
-0.00381703490749657
-0.00305586430785471
-0.00184334367604817
-0.00043228017757938
0.000910736276229583
0.00195580075622514
0.00254947527260269
0.00263682725353728
0.00226256840850905
0.0015525104028619
0.000680488717892492
-0.000171395965621325
-0.000850433620168858
-0.00126104218426783
-0.00137738001327372
-0.00123926257152479
-0.000933646213492755
-0.00056711444623238
-0.000236611718085943
-5.72895195456898e-06
0.000107831844458594
0.000130984302383693
0.000121140676609504
0.000143538278402191
0.000246533200462558
0.000441971085497235
0.000696502849528309
0.000936908064770035
0.00106877688200387
0.00100418816097896
0.00069125156439839
0.000137310980461505
-0.000581390293949059
-0.00132782602413982
-0.0019300331528604
-0.00221998815444467
-0.00207695815529688
-0.0014647368767941
-0.000452620323780215
0.00078700060542428
0.00200648053037266
0.00293218999363111
0.00332557601268073
0.00304256144517283
0.00207692836593441
0.000575804586995694
-0.00117908170442911
-0.0028231650361294
-0.00398469294481959
-0.00436870654326379
-0.00383050978216675
-0.00242067888120969
-0.000388858883265668
0.0018577951730842
0.00383541618273487
0.00508773255289708
0.00529150441324903
0.00433880708029634
0.00237552990802226
-0.000215797584550642
-0.00288859643880035
-0.00504706606910808
-0.00617935638248058
-0.00597936609752401
-0.00442821551255423
-0.00181405769975976
0.00131799276723532
0.00427816563794751
0.00638388569186689
0.00711788026295571
0.0062558899876337
0.00393243729086986
0.000625983275281645
-0.00293715926930532
-0.00594159336675495
-0.00766988950590815
-0.00767503692881143
-0.00589671506779268
-0.00269113313728685
0.00123664248006039
0.00498613755207432
0.00766781912672436
0.00861520719570015
0.00755204922315125
0.00467240835356406
0.000610710405773046
-0.00369551995126185
-0.00722128976635647
-0.00909884989627761
-0.00883301612900839
-0.00643338770701428
-0.00242794280506289
0.00224976249335136
0.00647670207814887
0.00921025375026898
0.00974704634224836
0.00790624017145335
0.00408907734830746
-0.000804369242431892
-0.00558528039629947
-0.00906463429533945
-0.0103503608970359
-0.00907860982776941
-0.00551868400791691
-0.000521123047526656
0.00468276394201992
0.00878349251303775
0.0107240717040657
0.00997507331536928
0.0066819862500987
0.00164330153052145
-0.00387986182226965
-0.00847817162842055
-0.0109545741861842
-0.0106385389269348
-0.00757100980163022
-0.00250834514075181
0.00326055056494874
0.0082407793809574
0.0111194717501296
0.0111144959128833
0.00819066422811564
0.00308285265006079
-0.0028848007294539
-0.00814031366504371
-0.0112784511759112
-0.0114391103021968
-0.00854701253329329
-0.00334499312137558
0.00279272423076683
0.00822156449273126
0.0114677270183655
0.0116310398867342
0.00863877875601574
0.00327787483746008
-0.00300789634989442
-0.00850473350048157
-0.0116966331452685
-0.011686443640624
-0.00845248648163732
-0.00286623679032208
0.00353839979144449
0.00898438033421977
0.0119453764213626
0.0115767943825309
0.00796142536896362
0.00209707111644009
-0.00437484623239887
-0.00962708856139774
-0.0121636609641449
-0.0112495474070538
-0.00712872231758553
-0.000964464574953675
0.00548528783813626
0.0103680816796476
0.0122706947412341
0.0106322665227756
0.00591492645615419
-0.000521386814004433
-0.00680764686392109
-0.0111079125248748
-0.0121578906286373
-0.00964126305842625
-0.00429046939371329
0.00232158541764469
0.0082411764719075
0.011711281401387
0.0116962319916339
0.00819594167733622
0.0022529019038138
-0.0043538875829424
-0.00963955872655922
-0.0120109026609181
-0.0107505678525485
-0.00623961011149341
0.000152267495415737
0.00647890844283542
0.0108094356029589
0.0118198753998965
0.00920270921687132
0.00376622748029986
-0.00281010130095373
-0.00849177313437219
-0.0115191209064722
-0.0109557787721955
-0.00698372218817602
-0.000850250649509691
0.00551949250042326
0.0101254061981054
0.011522351943735
0.00927812682070864
0.00411292331611485
-0.0023265356940161
-0.00798900693892791
-0.0110723447893505
-0.0106003812427221
-0.00673733490382348
-0.000736755842706278
0.00546097583646047
0.00985471435899469
0.0110306066097531
0.00862163724970003
0.00342778951278099
-0.00284440564666792
-0.00813979468169725
-0.0107284790906378
-0.00977449987510727
-0.00561118467036764
0.000369354554697201
0.00617778490736843
0.0098884026279097
0.0102799924470954
0.00724258474974275
0.00181297369682494
-0.00417438450525328
-0.00870509591828335
-0.0102638184001707
-0.0083451826832542
-0.00362294948000264
0.0022811233049609
0.00735117033404664
0.00986568311764335
0.00898531371602324
0.00503814302017274
-0.00059636785925649
-0.00596559748012343
-0.00921963833904477
-0.00925109996065853
-0.00607665897466956
-0.000827190031667861
0.00465059983827496
0.00844218902010927
0.00923602535908991
0.00678141556542982
0.00197210758880231
-0.00347414409437629
-0.00762679480571935
-0.00902777053129734
-0.00720713322270712
-0.00284538327015443
0.00247549957217872
0.00684296984245268
0.00870169300489076
0.0074106580604187
0.00346882788337409
-0.00167190904276877
-0.00613823969989706
-0.00831790543058418
-0.00744449979636998
-0.00387136163323951
0.00106506385621051
0.00554152582382502
0.00792083134898911
0.0073530689703204
0.00408341499395243
-0.000646638139208494
-0.00506692516790257
-0.00754025488792579
-0.00717096423599002
-0.00413327408977037
0.000402558783198258
0.00471722950472559
0.00719310925188074
0.00692269067745634
0.00404505528636657
-0.000315965597117818
-0.00448683511020032
-0.00688549143102208
-0.00662330437740101
-0.00383795876944169
0.000368975130832329
0.00436391733333826
0.00661460562051653
0.00627962053595066
0.00352648358030373
-0.000543438011841024
-0.00433189582954617
-0.00637050943607487
-0.00589175809153648
-0.00312134648618382
0.000820907168479769
0.00437031314826657
0.00613766390519027
0.00545490501708018
0.00263090692874282
-0.00118203995037535
-0.00445531009622269
-0.00589637521956232
-0.00496126700560315
-0.00206294337504803
0.00160565932444307
0.00455991953044846
0.00562426850113402
0.00440220458057063
0.00142664349816649
-0.00206770830372255
-0.00465442330233432
-0.00529795381119761
-0.00377056796326931
-0.000734658097823301
0.00254035036725078
0.00470702552863411
0.00489503111925468
0.00306320431836125
5.02784830223044e-06
-0.00299149254920827
-0.00468508338800457
-0.00439652977109076
-0.0022835389893724
0.000737270235719037
0.00338502578614441
0.00455709322160244
0.0037897841162238
0.00144402572904894
-0.00145947932516422
-0.00368207101198327
-0.00429554096866419
-0.00307160799808265
-0.000568132653568594
0.00212129966644057
0.00384346619736008
0.00388057910493838
0.00225145189075545
-0.000308596733602461
-0.00267659209969503
-0.00383360429945079
-0.00330428156900492
-0.00135402578721912
0.00113895907545812
0.00307686079001481
0.00362551524876394
0.00257496284639461
0.000420684891098354
-0.00186654154578468
-0.00327663534122194
-0.00320677196233965
-0.00172075994277022
0.000491239338318157
0.00243063313637063
0.00324053748278214
0.00258541351308005
0.000791428705086307
-0.00131194920291029
-0.00277370323633189
-0.00295134494251728
-0.00179467970226962
0.000142808679037385
0.00196606330830122
0.00285102499205001
0.00241780727259212
0.000895047587402328
-0.000996398189573133
-0.00238286562395337
-0.00264131406903772
-0.00168043976687603
2.80013967485808e-05
0.00167812392505981
0.00250909107728352
0.00215647871698019
0.000813200587789696
-0.000871715311317917
-0.0021049823045097
-0.00232239706910225
-0.00144793703828534
8.09372349949633e-05
0.00152967401212013
0.00221868954327128
0.00184266665089247
0.000606733131900573
-0.000881767141223358
-0.00191022509950493
-0.00200186212866734
-0.00113764012435226
0.000244821748589255
0.00147075539038838
0.00195695096830917
0.00148975434694876
0.000319487116992329
-0.000970824708719796
-0.00175473933373891
-0.00166664071599393
-0.000773035420474406
0.000469827217954619
0.00144725244614538
0.0016897602310789
0.00109918959909125
-1.20286951241452e-05
-0.00108402560534402
-0.00159078556807852
-0.00129855413053788
-0.000374188551646607
0.000707136487607423
0.00140502057676219
0.00138386146091095
0.000674831700225793
-0.00034875054975552
-0.0011664631392574
-0.00137499659469858
-0.000887519831694126
3.06592887307244e-05
0.000904616921430972
0.00129477586653238
0.00101823113041514
0.000234811932235025
-0.000642867501549575
-0.00116576861933896
-0.00107815972408034
-0.000443118790229661
0.000398084576270543
0.00100819926051163
0.00108103845271975
0.000595519089234401
-0.000181066978651844
-0.000838805195591398
-0.001041088702534
-0.000697144120232528
-2.52381379237565e-06
0.000670444535212131
0.00097161460627707
0.000755328460548703
0.000151026676216981
-0.000512227456243091
-0.000884168700181439
-0.000778293799543977
-0.000265642539532641
0.000369965145066426
0.000788171999167061
0.000774201161904386
0.000349418994539432
-0.000246770936370131
-0.000690861298969106
-0.000750535558243416
-0.000406418685902578
0.000143694822051486
0.000597447671102389
0.000713762239749928
0.000441087066065247
-6.03154999952493e-05
-0.00051139184326401
-0.000669187123121712
-0.000457806664219263
-4.75117494072661e-06
0.000434726711027153
0.000620958579759412
0.000460610176952227
5.34433627097891e-05
-0.000368379897307423
-0.000572158021503991
-0.000453019429071529
-8.79436979354482e-05
0.000312467824536044
0.000524938668394211
0.00043797797025966
0.000110459302299775
-0.00026654664154649
-0.000480683241660546
-0.000417848968202375
-0.000123077191866828
0.000229814962383063
0.000440160979722282
0.000394455226214392
0.000127679743838118
-0.000201269543142592
-0.000403671997813046
-0.000369143443323749
-0.000125905626703403
0.000179818621936715
0.000371172700863156
0.000342859642683715
0.000119143333314831
-0.000164359441546224
-0.000342379995009741
-0.000316226761103979
-0.000108546593870436
0.00015382706393063
0.0003168547480031
0.000289618654074664
9.50631236805951e-05
-0.000147221411763986
-0.00029406662094562
-0.000263227260176977
-7.94701705649496e-05
0.000143618848500754
0.000273443285435096
0.000237121463230669
6.24120579533116e-05
-0.000142173753808546
-0.000254407356843636
-0.000211297384460303
-4.44363247353587e-05
0.000142114613698898
0.0002364042809338
0.000185720530843328
2.60261376776993e-05
-0.000142738218678141
-0.000218924037460567
-0.000160360520772069
-7.62742456394131e-06
0.000143404700479475
0.000201518971296588
0.000135219102912962
-1.03303029742447e-05
-0.000143535356539069
-0.000183819404245916
-0.000110351972854227
2.74201320009754e-05
0.00014261450444592
0.000165547974376596
8.58845632345519e-05
-4.3211404813402e-05
-0.000140195953524952
-0.000146532936108388
-6.20216190696627e-05
5.72711240816804e-05
0.000135914049116046
0.000126719968904088
3.90500480408832e-05
-6.9173147573558e-05
-0.000129498612924687
-0.000106181421893025
-1.73343275813908e-05
7.85148800193275e-05
0.000120792459922967
8.51214102455418e-05
-2.69627732175394e-06
-8.49406952991098e-05
-0.000109769530789964
-6.387483190308e-05
2.05692229551165e-05
8.8170692315537e-05
9.65510791858402e-05
4.28982565242006e-05
-3.57989734767433e-05
-8.80326224768566e-05
-8.14168664220334e-05
-7.53234493693927e-05
-6.96994891143592e-05
-6.44905546049126e-05
-5.96507639377677e-05
-5.51495835843197e-05
-5.09717968255105e-05
-4.71107193058776e-05
-4.35582403677052e-05
-4.02968462613246e-05
-3.72976486107167e-05
-3.45252353634802e-05
-3.19465907561099e-05
-2.9539268521249e-05
-2.72945021511923e-05
-2.52136898653903e-05
-2.33002119439926e-05
-2.15509564372249e-05
-1.99519897352978e-05
-1.84805221895703e-05
-1.71119401721361e-05
-1.58280180893078e-05
-1.46218867660013e-05
-1.34971646691107e-05
-1.24618342241635e-05
-1.1520243247579e-05
-1.06675396278256e-05
-9.8894436612052e-06
-9.16732689336841e-06
-8.4857103467992e-06
-7.83805863937892e-06
-7.22776638801365e-06
-6.66391211498073e-06
-6.15420545943806e-06
-5.69902222591017e-06
-5.28973641026904e-06
-4.91213673571377e-06
-4.55291716362468e-06
-4.20559701776527e-06
-3.87262946031585e-06
-3.56263303935122e-06
-3.28439402063485e-06
-3.04102855124106e-06
-2.82752109218272e-06
-2.63290537285158e-06
-2.44574673887246e-06
-2.25978404748187e-06
-2.07658078995682e-06
-1.90378460506158e-06
-1.75008523495385e-06
-1.619781829791e-06
-1.51001444988469e-06
-1.41213803599185e-06
-1.31634637292566e-06
-1.21684406785195e-06
-1.11462637985448e-06
-1.01635903976623e-06
-9.30102328057465e-07
-8.60396923139988e-07
-8.05524881092884e-07
-7.58443091385789e-07
-7.10748216358078e-07
-6.57314773744902e-07
-5.98926574635984e-07
-5.41447812554976e-07
-4.92111258490967e-07
-4.55146920241579e-07
-4.29293760049454e-07
-4.08576940360517e-07
-3.85801960652336e-07
-3.56655161364499e-07
-3.22006982173325e-07
-2.87129652214223e-07
-2.58378697041766e-07
-2.3935500984747e-07
-2.28810759254985e-07
-2.21474014988133e-07
-2.11217268435951e-07
-1.94631387418319e-07
-1.72883810981002e-07
-1.50815809414709e-07
-1.33898913631716e-07
-1.24922092379083e-07
-1.22385935329877e-07
-1.21505501504392e-07
-1.17141280267364e-07
-1.06846439868664e-07
-9.22033394870229e-08
-7.77027138933065e-08
-6.7916998274973e-08
-6.4722535390315e-08
-6.62425308425558e-08
-6.80928940374601e-08
-6.61028077842811e-08
-5.8814119091008e-08
-4.82502566872512e-08
-3.854401135612e-08
-3.33299975764428e-08
-3.35327992998622e-08
-3.68889271340749e-08
-3.94374409042368e-08
-3.79996631424121e-08
-3.2091966410855e-08
-2.41138788527505e-08
-1.77536110709911e-08
-1.56554657806572e-08
-1.78165207510945e-08
-2.16809054551462e-08
-2.38152237827901e-08
-2.20695791928788e-08
-1.68619544637891e-08
-1.08150226667551e-08
-7.02918437049823e-09
-7.11987154339121e-09
-1.02577283509542e-08
-1.37794265534245e-08
-1.49299196682364e-08
-1.25985766426376e-08
-7.95354454925831e-09
-3.6121258312037e-09
-1.92442940530053e-09
-3.49065964983875e-09
-6.84596105077946e-09
-9.4717045107104e-09
-9.44081993075561e-09
-6.62345797583101e-09
-2.69743830167863e-09
